       1         2         3         4        5         6         7         8        9        10
--------  --------  --------  --------  -------  --------  --------  --------  -------  --------
0.312888  0.416757  0.829436  0.727916  0.37504  0.453538  0.235541  0.513738  0.48598  0.787286
4.67208   6.9483    8.45544   6.8562    8.05453  4.60784   5.57895   6.43644   6.11268  7.37762
4.12837   3.867     5.21412   3.16252   3.92864  3.69788   2.56817   2.78409   3.3463   5.01289










made with input problem(5, 0.2, 0.2, 50)